{
  "advancedEditorSelectedIdentifier" : "ProjectBrowser",
  "openSceneRelativePaths" : [
    "Immersive.usda"
  ],
  "recentIdentifiers" : {
    "AF09ED6F-1707-48FD-8720-65B998362C09" : [

    ]
  },
  "sceneCameraHistory" : {
    "AF09ED6F-1707-48FD-8720-65B998362C09" : [
      {
        "date" : 755369892.744047,
        "title" : "Untitled",
        "transform" : [
          0.60748434,
          2.3691993e-11,
          0.7943317,
          0,
          0.2614675,
          0.94427186,
          -0.19996357,
          0,
          -0.750065,
          0.32916677,
          0.5736303,
          0,
          -0.68575644,
          1.5907001,
          -1.3740985,
          1
        ]
      },
      {
        "date" : 755369871.666681,
        "title" : "Untitled",
        "transform" : [
          0.6454524,
          -2.7005742e-10,
          0.7638005,
          0,
          0.26696527,
          0.93692803,
          -0.22559997,
          0,
          -0.71562606,
          0.34952238,
          0.6047424,
          0,
          -0.5949771,
          1.6606907,
          -1.2449007,
          1
        ]
      },
      {
        "date" : 754700654.952245,
        "title" : "Untitled",
        "transform" : [
          0.29964146,
          -2.5941915e-11,
          0.95405185,
          0,
          0.3403412,
          0.9342066,
          -0.10689183,
          0,
          -0.8912815,
          0.35673246,
          0.27992705,
          0,
          -0.6850963,
          1.6625139,
          -1.301893,
          1
        ]
      },
      {
        "date" : 754699943.444734,
        "title" : "Untitled",
        "transform" : [
          0.29964146,
          -2.5941915e-11,
          0.95405185,
          0,
          0.3403412,
          0.9342066,
          -0.10689183,
          0,
          -0.8912815,
          0.35673246,
          0.27992705,
          0,
          -0.7462205,
          1.6009568,
          -1.4180645,
          1
        ]
      },
      {
        "date" : 754699879.001896,
        "title" : "Untitled",
        "transform" : [
          1,
          0,
          0,
          0,
          0,
          0.7071069,
          -0.7071067,
          0,
          0,
          0.7071067,
          0.7071069,
          0,
          -0.49560714,
          1.6981027,
          -1.3043823,
          1
        ]
      },
      {
        "date" : 754699877.224555,
        "title" : "Untitled",
        "transform" : [
          1,
          0,
          -0,
          0,
          -0,
          0.7071069,
          -0.7071067,
          0,
          0,
          0.7071067,
          0.7071069,
          0,
          -0.5,
          1.6968601,
          -1.3031397,
          1
        ]
      }
    ]
  },
  "sceneViewportBackgroundColors" : {

  }
}